    unsorted:	 2741.556778 2741.556778 0.004934897750 0.004934898007 0.004934889288 0.004934874714 3096.497451 3101.271313 3056.330725 3027.205029 3012.418602 3128.481142 3152.552597 3162.299647 2978.894942 2964.767136 3214.993540 2889.473084 2865.078846 2849.417849 2821.176012 2815.881821 2776.115902 2773.398260 3260.466114 3264.671146 2681.428335 2670.763019 3319.014882 3358.018340 2600.899008 2541.418609 2524.763641 2509.788428 3435.734106 3480.251525 2440.585017 3586.402481 3674.149615 3778.409046 2248.890953 3845.689924 3969.633545 4026.635873 4180.483016 0.02825357830 0.05107726022 4398.505928 4628.176465 17.91740156 65.44211341 1163.587960 114.7885384 4923.743613 251.8696170 599.5928669 487.8925441 5356.072706 5822.052359 6149.675715 6542.842689 6964.929318 7209.510218 7591.283704 7847.038679 8074.123226 8354.595128 8747.051664 9154.653373 9847.614393 10436.17168 12078.35814 14243.74730 17812.64059 21078.05565 27353.66904 30687.54908 43909.33770 44615.99154 47442.06466 69932.38833 100693.5693 338504.1662 597773.0246 696949.5903 2897900.951
      sorted:	 0.004934874714 0.004934889288 0.004934897750 0.004934898007 0.02825357830 0.05107726022 17.91740156 65.44211341 114.7885384 251.8696170 487.8925441 599.5928669 1163.587960 2248.890953 2440.585017 2509.788428 2524.763641 2541.418609 2600.899008 2670.763019 2681.428335 2741.556778 2741.556778 2773.398260 2776.115902 2815.881821 2821.176012 2849.417849 2865.078846 2889.473084 2964.767136 2978.894942 3012.418602 3027.205029 3056.330725 3096.497451 3101.271313 3128.481142 3152.552597 3162.299647 3214.993540 3260.466114 3264.671146 3319.014882 3358.018340 3435.734106 3480.251525 3586.402481 3674.149615 3778.409046 3845.689924 3969.633545 4026.635873 4180.483016 4398.505928 4628.176465 4923.743613 5356.072706 5822.052359 6149.675715 6542.842689 6964.929318 7209.510218 7591.283704 7847.038679 8074.123226 8354.595128 8747.051664 9154.653373 9847.614393 10436.17168 12078.35814 14243.74730 17812.64059 21078.05565 27353.66904 30687.54908 43909.33770 44615.99154 47442.06466 69932.38833 100693.5693 338504.1662 597773.0246 696949.5903 2897900.951
